scenario,seed,realized_seed,service_date,evaluation_pipeline,offered_capacity_kw_block,up_pass_rate,down_pass_rate,idle_pass_rate,up_stay_mean,down_stay_mean,idle_stay_mean,global_tracking_rate,market_tracking_rate,assessed_steps,missed_steps,unreachable_sustained,unreachable_step,unreachable_obligated,missed_unreachable_sustained,missed_unreachable_step,missed_unreachable_obligated,missed_though_reachable,blocks_assessed,blocks_failed,blocks_failed_with_unreachable,blocks_failed_all_reachable,controller_pre_system_tracking_rate,central_tracking_rate,controller_pre_system_mae_kw,pre_bess_mae_kw,post_bess_mae_kw,bess_final_soc_pct,bess_max_abs_power_kw,bess_throughput_kwh,bess_power_limit_hits,bess_energy_limit_hits,central_absolute_correction_kwh,central_corrected_ev_steps,central_correction_active_steps,soc_hit_rate,participating_blocks,failed_up_blocks,failed_down_blocks,failed_idle_blocks,failed_tracking_blocks,failed_up_block_count,failed_down_block_count,failed_idle_block_count,failed_tracking_block_count,up_step_pass_rate,down_step_pass_rate,idle_step_pass_rate,up_active_step_count,down_active_step_count,idle_active_step_count,up_step_failed_blocks,down_step_failed_blocks,idle_step_failed_blocks,up_step_failed_block_count,down_step_failed_block_count,idle_step_failed_block_count,departing_evs,departing_evs_soc_met,forced_ev_step_overrides,forced_active_steps,forced_concurrent_max,forced_concurrent_p95,forced_kw_max,forced_kw_mean_active,forced_kw_to_band_max,forced_step_tracking_rate,unforced_step_tracking_rate
0,0,1822090,2024-08-03,marl_force_bess,34570.06625337845,0.7586206896551724,0.7586206896551724,0.75,0.7816091954022989,0.7816091954022989,0.8055555555555555,0.7816091954022989,0.7816091954022989,174,38,9,3,12,9,3,12,26,29,7,3,4,0.7758620689655172,0.7758620689655172,60.957810604709316,60.95779417849135,50.12893365519813,10.0,27.991600000000002,157.01847758775153,97,69,0.005572132458231257,2559,287,1.0,29,37;38;39;44;45;46;47,37;38;39;44;45;46;47,44;45;47,37;38;39;44;45;46;47,7,7,3,7,0.5714285714285714,0.9090909090909091,0.7878787878787878,42,66,66,37;38;39,46,44;45;47,3,1,3,75,75,302,105,8,4.0,249.62788870957127,52.35061042755886,3.6617614797246905,0.638095238095238,1.0
0,1,1822091,2024-08-03,marl_force_bess,34570.06625337845,0.6896551724137931,0.6896551724137931,1.0,0.7528735632183909,0.7528735632183909,1.0,0.7528735632183908,0.7528735632183908,174,43,21,17,27,21,17,27,16,29,9,7,2,0.735632183908046,0.735632183908046,74.16380169610868,74.16380195919125,61.514331372856155,21.393901558732598,27.991600000000002,183.41732350185882,87,53,0.005446269647412314,2467,288,1.0,29,30;31;32;33;34;36;37;38;39,30;31;32;33;34;36;37;38;39,,30;31;32;33;34;36;37;38;39,9,9,0,9,0.5,0.6666666666666666,1.0,42,66,66,36;37;38;39,30;31;32;33;34,,4,5,0,72,72,425,122,10,7.0,322.9355774965306,42.62827132789606,195449.45589176368,0.6776859504132231,0.9245283018867925
0,2,1822092,2024-08-03,marl_force_bess,34570.06625337845,0.6551724137931034,0.6551724137931034,0.75,0.7126436781609196,0.7126436781609196,0.75,0.7126436781609196,0.7126436781609196,174,50,0,0,0,0,0,0,50,29,10,0,10,0.7011494252873564,0.7011494252873564,57.810892664153,57.81088250258873,49.73464664677455,10.0,27.991600000000002,117.10541990930578,98,96,0.005175498229315659,2267,287,1.0,29,31;34;37;38;39;43;44;45;46;47,31;34;37;38;39;43;44;45;46;47,44;45;47,31;34;37;38;39;43;44;45;46;47,10,10,3,10,0.6666666666666666,0.7272727272727273,0.7272727272727273,42,66,66,37;38;39,31;34;43;46,44;45;47,3,4,3,80,80,441,124,8,7.0,230.5334286898376,62.38891615003391,3.114406760850776,0.5967741935483871,1.0
1,0,1823090,2024-08-03,marl_force_bess,34570.06625337845,0.6551724137931034,0.6551724137931034,1.0,0.7068965517241379,0.7068965517241379,1.0,0.7068965517241379,0.7068965517241379,174,51,0,0,1,0,0,1,50,29,10,1,9,0.7068965517241379,0.7068965517241379,56.80553925996539,56.80551671433723,50.76911815176972,10.0,27.991600000000002,87.52777915722893,113,113,0.004890607491688569,2240,288,1.0,29,32;33;40;41;42;43;44;45;46;47,32;33;40;41;42;43;44;45;46;47,,32;33;40;41;42;43;44;45;46;47,10,10,0,10,0.6165413533834586,1.0,1.0,133,21,20,32;33;40;41;42;43;44;45;46;47,,,10,0,0,71,71,625,187,9,7.0,233.163449019335,48.37972898573279,10786611.392973535,0.7034883720930233,1.0
1,1,1823091,2024-08-03,marl_force_bess,34570.06625337845,0.7241379310344828,0.7241379310344828,1.0,0.7988505747126436,0.7988505747126436,1.0,0.7988505747126436,0.7988505747126436,174,35,0,0,4,0,0,4,31,29,8,1,7,0.7988505747126436,0.7988505747126436,55.94320620339492,55.94320598415945,54.4776144637374,10.0,27.991600000000002,21.251077046119686,87,152,0.004386380069869728,2008,287,1.0,29,32;33;34;35;36;37;40;45,32;33;34;35;36;37;40;45,,32;33;34;35;36;37;40;45,8,8,0,8,0.7368421052631579,1.0,1.0,133,21,20,32;33;34;35;36;37;40;45,,,8,0,0,72,72,324,109,9,7.0,286.2734909691473,70.186979885517,4.150695750360737,0.6788990825688074,1.0
1,2,1823092,2024-08-03,marl_force_bess,34570.06625337845,0.4482758620689655,0.4482758620689655,1.0,0.4770114942528736,0.4770114942528736,1.0,0.47701149425287354,0.47701149425287354,174,91,5,0,3,5,0,3,88,29,16,2,14,0.47701149425287354,0.47701149425287354,89.59082400387732,89.59079198453618,82.19171164812015,10.0,27.991600000000002,107.2866648780324,105,88,0.005202606873353945,2333,287,1.0,29,32;33;34;35;36;37;38;39;40;41;42;43;44;45;46;47,32;33;34;35;36;37;38;39;40;41;42;43;44;45;46;47,,32;33;34;35;36;37;38;39;40;41;42;43;44;45;46;47,16,16,0,16,0.3157894736842105,1.0,1.0,133,21,20,32;33;34;35;36;37;38;39;40;41;42;43;44;45;46;47,,,16,0,0,85,85,1035,155,19,15.0,260.01480360412006,81.27175168205945,3.8460394885685156,0.4129032258064516,1.0
2,0,1824090,2024-08-03,marl_force_bess,34570.06625337845,0.6206896551724138,0.6206896551724138,1.0,0.7298850574712643,0.7298850574712643,1.0,0.7298850574712644,0.7298850574712644,174,47,0,0,0,0,0,0,47,29,11,0,11,0.7011494252873564,0.7011494252873564,48.455346500736546,48.45534550869602,40.853209402953595,41.84650657697529,27.991600000000002,110.23097353326514,81,84,0.005376623351670182,2416,288,1.0,29,31;32;33;34;35;36;37;38;39;40;41,31;32;33;34;35;36;37;38;39;40;41,,31;32;33;34;35;36;37;38;39;40;41,11,11,0,11,0.7288135593220338,0.7304347826086957,1.0,59,115,0,36;37;38;39,31;32;33;34;35;40;41,,4,7,0,78,78,423,108,10,8.0,257.68176639688124,59.301903306642,3.483598244483466,0.5648148148148148,1.0
2,1,1824091,2024-08-03,marl_force_bess,34570.06625337845,0.6206896551724138,0.6206896551724138,1.0,0.7758620689655172,0.7758620689655172,1.0,0.7758620689655172,0.7758620689655172,174,39,0,0,0,0,0,0,39,29,11,0,11,0.7758620689655172,0.7758620689655172,40.06758953922096,40.06755963550217,34.12763415837112,10.0,27.991600000000002,86.12891941840012,83,103,0.005231631303710554,2357,288,1.0,29,30;31;32;33;34;35;40;41;43;44;45,30;31;32;33;34;35;40;41;43;44;45,,30;31;32;33;34;35;40;41;43;44;45,11,11,0,11,0.9661016949152542,0.6782608695652174,1.0,59,115,0,43,30;31;32;33;34;35;40;41;44;45,,1,10,0,88,88,581,147,10,8.0,190.04404895221603,48.47015937563763,566906.8408541839,0.7328767123287672,1.0
2,2,1824092,2024-08-03,marl_force_bess,34570.06625337845,0.6896551724137931,0.6896551724137931,1.0,0.7586206896551724,0.7586206896551724,1.0,0.7586206896551724,0.7586206896551724,174,42,0,0,0,0,0,0,42,29,9,0,9,0.7528735632183908,0.7528735632183908,35.53152616955768,35.53152522684514,27.92984347931122,10.0,27.991600000000002,110.22438533924176,83,82,0.004891045504336944,2105,288,1.0,29,34;40;41;42;43;44;45;46;47,34;40;41;42;43;44;45;46;47,,34;40;41;42;43;44;45;46;47,9,9,0,9,0.8135593220338984,0.7304347826086957,1.0,59,115,0,42;43,34;40;41;44;45;46;47,,2,7,0,85,85,260,126,4,3.6499999999999773,146.78143478830543,32.12826360006115,2.516109414251314,0.6666666666666666,1.0
3,0,1825090,2024-08-03,marl_force_bess,34570.06625337845,0.6551724137931034,0.6551724137931034,0.7272727272727273,0.8045977011494254,0.8045977011494254,0.8030303030303031,0.8045977011494253,0.8045977011494253,174,34,0,0,0,0,0,0,34,29,10,0,10,0.8045977011494253,0.8045977011494253,52.6659405683649,52.6659295846676,46.9826170342025,10.0,27.991600000000002,82.40803198174399,89,97,0.0053218493097423,2440,288,1.0,29,34;36;38;39;40;41;44;45;46;47,34;36;38;39;40;41;44;45;46;47,44;45;47,34;36;38;39;40;41;44;45;46;47,10,10,3,10,0.631578947368421,0.9113924050632911,0.7719298245614035,38,79,57,38;39;40;41,34;36;38;39;46,44;45;47,4,5,3,82,82,438,102,12,7.0,326.3668564241376,61.99849917696052,4.787436168653234,0.6666666666666666,1.0
3,1,1825091,2024-08-03,marl_force_bess,34570.06625337845,0.7241379310344828,0.7241379310344828,0.9090909090909091,0.8620689655172413,0.8620689655172413,0.9696969696969696,0.8620689655172413,0.8620689655172413,174,24,0,0,0,0,0,0,24,29,8,0,8,0.8448275862068966,0.8448275862068966,46.11209684267811,46.112089229726244,39.21846832317479,25.323498738333484,27.991600000000002,99.95750314499604,92,95,0.005330983394136029,2428,288,1.0,29,32;34;36;38;39;40;41;44,32;34;36;38;39;40;41;44,44,32;34;36;38;39;40;41;44,8,8,1,8,0.6578947368421053,0.8860759493670886,0.9649122807017544,38,79,57,38;39;40;41,32;34;36;38;41,44,4,5,1,77,77,393,132,8,5.0,119.01586259792633,30.24975372436866,5204085.708881191,0.7857142857142857,1.0
3,2,1825092,2024-08-03,marl_force_bess,34570.06625337845,0.5517241379310345,0.5517241379310345,0.5454545454545454,0.7183908045977011,0.7183908045977011,0.6515151515151515,0.7183908045977011,0.7183908045977011,174,49,0,0,0,0,0,0,49,29,13,0,13,0.7183908045977011,0.7183908045977011,60.09926491633229,60.099241940454505,58.308022684833546,10.0,27.991600000000002,25.97267920650395,103,140,0.005628648514781774,2528,288,1.0,29,28;32;33;34;35;38;40;41;42;44;45;46;47,28;32;33;34;35;38;40;41;42;44;45;46;47,33;42;44;45;47,28;32;33;34;35;38;40;41;42;44;45;46;47,13,13,5,13,0.7368421052631579,0.7974683544303798,0.5964912280701754,38,79,57,28;32;40;41,34;35;38;41;46,33;42;44;45;47,4,5,5,84,84,844,182,10,8.649999999999977,178.03226066112026,59.975178964727505,1186133.8049318031,0.668918918918919,1.0
4,0,1826090,2024-08-03,marl_force_bess,34570.06625337845,0.6206896551724138,0.6206896551724138,1.0,0.764367816091954,0.764367816091954,1.0,0.764367816091954,0.764367816091954,174,41,1,0,4,1,0,4,37,29,11,2,9,0.7126436781609196,0.7126436781609196,58.16145832237156,58.16144715232411,47.701467155180275,66.85120336404971,27.991600000000002,151.6697099585856,103,85,0.005590658277166463,2488,288,1.0,29,24;28;30;31;32;33;34;35;36;37;40,24;28;30;31;32;33;34;35;36;37;40,,24;28;30;31;32;33;34;35;36;37;40,11,11,0,11,0.7941176470588235,0.7222222222222222,1.0,102,72,0,30;31;33;35;36;37,24;28;32;33;34;35;36;37;40,,6,9,0,86,86,431,107,11,7.0,342.4155907662385,59.332279262077215,4.649227205323568,0.6261682242990654,0.9850746268656716
4,1,1826091,2024-08-03,marl_force_bess,34570.06625337845,0.6551724137931034,0.6551724137931034,1.0,0.8160919540229884,0.8160919540229884,1.0,0.8160919540229885,0.8160919540229885,174,32,0,0,2,0,0,2,30,29,10,1,9,0.8045977011494253,0.8045977011494253,51.993950580728466,51.9939369936099,43.429379577044834,68.65307377957463,27.991600000000002,124.18608254019344,85,81,0.005017885462924218,2301,282,1.0,29,24;28;30;31;32;33;34;36;37;40,24;28;30;31;32;33;34;36;37;40,,24;28;30;31;32;33;34;36;37;40,10,10,0,10,0.8823529411764706,0.7222222222222222,1.0,102,72,0,30;31;33;37;40,24;28;32;33;34;36;37,,5,7,0,73,73,446,92,9,7.0,405.49201145996835,60.365865164383465,5.5056619559944995,0.7065217391304348,0.9390243902439024
4,2,1826092,2024-08-03,marl_force_bess,34570.06625337845,0.41379310344827586,0.41379310344827586,1.0,0.6551724137931034,0.6551724137931034,1.0,0.6551724137931034,0.6551724137931034,174,60,0,0,0,0,0,0,60,29,17,0,17,0.6206896551724138,0.6206896551724138,62.8669924927854,62.866985425181774,53.729996433934566,10.0,27.991600000000002,132.4863403730844,113,106,0.005824373351060786,2619,287,1.0,29,21;24;25;28;29;30;31;32;33;34;36;37;40;41;42;43;44,21;24;25;28;29;30;31;32;33;34;36;37;40;41;42;43;44,,21;24;25;28;29;30;31;32;33;34;36;37;40;41;42;43;44,17,17,0,17,0.7647058823529411,0.5,1.0,102,72,0,30;31;33;37;40;41;43,21;24;25;28;29;32;33;34;36;37;40;42;44,,7,13,0,79,79,329,100,6,5.0,172.31029122244715,44.915191458055105,16563901.3470185,0.5051546391752577,0.8441558441558441
5,0,1827090,2024-08-03,marl_force_bess,34570.06625337845,0.7241379310344828,0.7241379310344828,0.8571428571428571,0.8850574712643677,0.8850574712643677,0.9166666666666667,0.8850574712643678,0.8850574712643678,174,20,0,0,0,0,0,0,20,29,8,0,8,0.8850574712643678,0.8850574712643678,49.61855452088104,49.61854295620973,44.84700889537292,18.970533075779958,27.991600000000002,69.18724388213367,94,126,0.0053312048730731485,2543,288,1.0,29,34;35;37;40;41;43;44;45,34;35;37;40;41;43;44;45,35;44,34;35;37;40;41;43;44;45,8,8,2,8,1.0,0.782608695652174,0.9305555555555556,33,69,72,,34;37;40;41;43;44;45,35;44,0,7,2,74,74,484,97,8,8.0,176.32543891094147,78.63448626224367,3.1225787228424093,0.7938144329896907,1.0
5,1,1827091,2024-08-03,marl_force_bess,34570.06625337845,0.6551724137931034,0.6551724137931034,0.8571428571428571,0.8390804597701148,0.8390804597701148,0.8714285714285713,0.8390804597701149,0.8390804597701149,174,28,0,0,0,0,0,0,28,29,10,0,10,0.8218390804597702,0.8218390804597702,59.44317800971283,59.44315511604835,54.117679098036845,10.0,27.991600000000002,77.21940226116669,106,112,0.006101414144116762,2675,288,1.0,29,34;35;36;37;39;40;41;44;45;46,34;35;36;37;39;40;41;44;45;46,35;37,34;35;36;37;39;40;41;44;45;46,10,10,2,10,0.8181818181818182,0.8260869565217391,0.8611111111111112,33,69,72,36,34;37;39;40;41;44;45;46,35;37,1,8,2,91,91,562,94,13,10.0,321.30694354501475,72.17252429742189,529667.6621167462,0.6989247311827957,1.0
5,2,1827092,2024-08-03,marl_force_bess,34570.06625337845,0.8620689655172413,0.8620689655172413,1.0,0.9597701149425287,0.9597701149425287,1.0,0.9597701149425287,0.9597701149425287,174,7,0,0,0,0,0,0,7,29,4,0,4,0.9597701149425287,0.9597701149425287,33.42372749591696,33.42371997614016,29.25606577975455,20.33316663998281,27.991600000000002,60.4309858475914,72,97,0.00488217348053392,2180,288,1.0,29,34;40;41;43,34;40;41;43,,34;40;41;43,4,4,0,4,1.0,0.8985507246376812,1.0,33,69,72,,34;40;41;43,,0,4,0,73,73,378,139,6,4.0,158.93667033685847,29.599554936652712,1.1514135116496858,0.9496402877697842,1.0
6,0,1828090,2024-08-03,marl_force_bess,34570.06625337845,0.6896551724137931,0.6896551724137931,1.0,0.8563218390804599,0.8563218390804599,1.0,0.8563218390804598,0.8563218390804598,174,25,0,0,0,0,0,0,25,29,9,0,9,0.8505747126436781,0.8505747126436781,44.529001011245555,44.52898837232042,41.88117666747598,10.0,27.991600000000002,38.393269720244405,88,136,0.004804975285272424,2172,288,1.0,29,29;31;35;36;37;38;39;40;43,29;31;35;36;37;38;39;40;43,,29;31;35;36;37;38;39;40;43,9,9,0,9,0.9080459770114943,0.734375,1.0,87,64,23,29;31;35;43,36;37;38;39;40,,4,5,0,86,86,443,144,7,5.0,168.23235546590706,41.87305198111885,2.023239355125542,0.8263888888888888,1.0
6,1,1828091,2024-08-03,marl_force_bess,34570.06625337845,0.6551724137931034,0.6551724137931034,0.5,0.7586206896551725,0.7586206896551725,0.6388888888888888,0.7586206896551724,0.7586206896551724,174,42,0,0,0,0,0,0,42,29,10,0,10,0.7586206896551724,0.7586206896551724,50.9182442961068,50.918238113666405,45.974728909402735,12.116636610594645,27.991600000000002,71.68088346182314,80,110,0.005463868527537369,2564,288,1.0,29,31;33;34;35;36;37;38;40;44;45,31;33;34;35;36;37;38;40;44;45,33;34;35,31;33;34;35;36;37;38;40;44;45,10,10,3,10,0.896551724137931,0.609375,0.6521739130434783,87,64,23,31;35;44,36;37;38;40;44;45,33;34;35,3,6,3,76,76,408,99,9,7.0,282.4557814653963,70.16804160061521,3.58845225049043,0.5757575757575758,1.0
6,2,1828092,2024-08-03,marl_force_bess,34570.06625337845,0.6551724137931034,0.6551724137931034,0.8333333333333334,0.7816091954022988,0.7816091954022988,0.9722222222222223,0.7816091954022989,0.7816091954022989,174,38,0,0,0,0,0,0,38,29,10,0,10,0.7816091954022989,0.7816091954022989,52.93639812250247,52.936375464516125,48.68758030761771,10.0,27.991600000000002,61.607529775026954,101,121,0.005543507065643398,2463,288,1.0,29,34;35;36;37;38;39;40;42;43;44,34;35;36;37;38;39;40;42;43;44,34,34;35;36;37;38;39;40;42;43;44,10,10,1,10,0.8735632183908046,0.59375,0.9565217391304348,87,64,23,35;40;42;43,36;37;38;39;40;44,34,4,6,1,83,83,477,162,8,6.649999999999977,181.1942673960352,40.29397316361448,2.449564207190003,0.7654320987654321,1.0
7,0,1829090,2024-08-03,marl_force_bess,34570.06625337845,0.5517241379310345,0.5517241379310345,1.0,0.6264367816091954,0.6264367816091954,1.0,0.6264367816091954,0.6264367816091954,174,65,2,0,7,2,0,7,58,29,13,2,11,0.6206896551724138,0.6206896551724138,57.507140159606934,57.50713174370514,50.60326078395837,10.0,27.991600000000002,100.10612891632813,110,109,0.005228454703077049,2328,288,1.0,29,21;33;34;35;37;40;41;42;43;44;45;46;47,21;33;34;35;37;40;41;42;43;44;45;46;47,,21;33;34;35;37;40;41;42;43;44;45;46;47,13,13,0,13,0.7307692307692307,0.5819672131147541,1.0,52,122,0,33;34;37;42,21;34;35;40;41;42;43;44;45;46;47,,4,11,0,84,84,456,109,10,7.0,476.11196800823814,61.57981050916759,47647759.43865077,0.4056603773584906,0.9705882352941176
7,1,1829091,2024-08-03,marl_force_bess,34570.06625337845,0.5172413793103449,0.5172413793103449,1.0,0.7011494252873562,0.7011494252873562,1.0,0.7011494252873564,0.7011494252873564,174,52,1,0,7,1,0,7,45,29,14,2,12,0.6494252873563219,0.6494252873563219,49.26550594143484,49.2654964759432,42.46680849508024,10.0,27.991600000000002,98.58097572251307,91,95,0.006121019758817665,2827,287,1.0,29,31;33;34;35;36;37;38;39;40;41;44;45;46;47,31;33;34;35;36;37;38;39;40;41;44;45;46;47,,31;33;34;35;36;37;38;39;40;41;44;45;46;47,14,14,0,14,0.7115384615384616,0.6967213114754098,1.0,52,122,0,31;33;34;36;37,34;35;38;39;40;41;44;45;46;47,,5,10,0,84,84,411,142,8,7.0,410.0943289081252,46.777562373244606,5.945981175146403,0.6338028169014085,1.0
7,2,1829092,2024-08-03,marl_force_bess,34570.06625337845,0.7241379310344828,0.7241379310344828,1.0,0.8103448275862067,0.8103448275862067,1.0,0.8103448275862069,0.8103448275862069,174,33,0,0,5,0,0,5,28,29,8,2,6,0.7931034482758621,0.7931034482758621,41.79060656722935,41.79060050262802,35.78497842763809,10.0,27.991600000000002,87.08152008735395,79,104,0.005569164481130433,2514,288,1.0,29,33;34;37;40;41;43;44;45,33;34;37;40;41;43;44;45,,33;34;37;40;41;43;44;45,8,8,0,8,0.8076923076923077,0.8114754098360656,1.0,52,122,0,33;34;37,34;40;41;43;44;45,,3,6,0,73,73,505,134,13,8.0,287.2431925216267,36.9228172792858,3.475977537634925,0.753731343283582,1.0
8,0,1830090,2024-08-03,marl_force_bess,34570.06625337845,0.4827586206896552,0.4827586206896552,1.0,0.5287356321839081,0.5287356321839081,1.0,0.5287356321839081,0.5287356321839081,174,82,7,7,9,7,7,9,73,29,15,2,13,0.5,0.5,67.01670093234928,67.01669346190047,59.995324566099306,58.13333333333335,27.991600000000002,101.80984898911721,111,94,0.0039809701847843834,1883,288,1.0,29,33;34;35;36;37;38;39;40;41;42;43;44;45;46;47,33;34;35;36;37;38;39;40;41;42;43;44;45;46;47,,33;34;35;36;37;38;39;40;41;42;43;44;45;46;47,15,15,0,15,0.5846153846153846,0.4954128440366973,1.0,65,109,0,33;38;39;42;43;44;45;46,34;35;36;37;38;39;40;41;42;45;46;47,,8,12,0,74,74,388,106,7,6.0,181.0690949040966,72.6321425090137,3.290473776119941,0.22641509433962265,1.0
8,1,1830091,2024-08-03,marl_force_bess,34570.06625337845,0.6206896551724138,0.6206896551724138,1.0,0.6954022988505746,0.6954022988505746,1.0,0.6954022988505747,0.6954022988505747,174,53,0,0,2,0,0,2,51,29,11,1,10,0.6724137931034483,0.6724137931034483,58.303619821866356,58.303603554594105,53.749023274328515,23.84708287503689,27.991600000000002,66.04141406385108,93,108,0.0055428816000736925,2578,288,1.0,29,32;33;34;35;39;40;41;43;44;45;46,32;33;34;35;39;40;41;43;44;45;46,,32;33;34;35;39;40;41;43;44;45;46,11,11,0,11,0.6,0.7522935779816514,1.0,65,109,0,32;33;39;43;44;45;46,34;35;40;41;45;46,,7,6,0,80,80,678,117,13,10.0,342.16321761560306,84.58098966320513,6.356271667728727,0.5470085470085471,1.0
8,2,1830092,2024-08-03,marl_force_bess,34570.06625337845,0.41379310344827586,0.41379310344827586,1.0,0.557471264367816,0.557471264367816,1.0,0.5574712643678161,0.5574712643678161,174,77,0,0,0,0,0,0,77,29,17,0,17,0.5229885057471264,0.5229885057471264,64.03472451094923,64.03471272704245,56.49467774205271,10.0,27.991600000000002,109.33050728235105,108,87,0.005476719523964372,2327,288,1.0,29,21;30;31;32;33;34;35;36;37;38;39;41;43;44;45;46;47,21;30;31;32;33;34;35;36;37;38;39;41;43;44;45;46;47,,21;30;31;32;33;34;35;36;37;38;39;41;43;44;45;46;47,17,17,0,17,0.5230769230769231,0.5779816513761468,1.0,65,109,0,21;30;31;32;33;38;39;43;44;45;46,34;35;36;37;38;39;41;45;46;47,,11,10,0,75,75,567,141,9,7.0,174.341870226535,60.08136135336398,3.8912354729231518,0.45390070921985815,1.0
9,0,1831090,2024-08-03,marl_force_bess,34570.06625337845,0.4827586206896552,0.4827586206896552,1.0,0.6551724137931034,0.6551724137931034,1.0,0.6551724137931034,0.6551724137931034,174,60,0,0,0,0,0,0,60,29,15,0,15,0.6494252873563219,0.6494252873563219,46.36590011777549,46.36588178557911,39.43840415511658,10.0,27.991600000000002,100.44842564170668,97,100,0.005190055059453397,2292,284,1.0,29,22;23;24;25;31;37;39;40;41;42;43;44;45;46;47,22;23;24;25;31;37;39;40;41;42;43;44;45;46;47,,22;23;24;25;31;37;39;40;41;42;43;44;45;46;47,15,15,0,15,0.5409836065573771,0.6862745098039216,1.0,61,102,11,22;23;37;39;42;43;46;47,24;25;31;40;41;44;45,,8,7,0,78,78,396,106,7,6.0,184.05887714604822,53.862494129978415,3.29361155037424,0.4716981132075472,0.9411764705882353
9,1,1831091,2024-08-03,marl_force_bess,34570.06625337845,0.6896551724137931,0.6896551724137931,1.0,0.8390804597701149,0.8390804597701149,1.0,0.8390804597701149,0.8390804597701149,174,28,0,0,0,0,0,0,28,29,9,0,9,0.7701149425287356,0.7701149425287356,37.359309470516514,37.35931036116063,27.185615746285613,72.26507691052981,27.991600000000002,147.51857191568766,87,89,0.00548240061228474,2491,288,1.0,29,22;23;24;37;39;40;41;43;45,22;23;24;37;39;40;41;43;45,,22;23;24;37;39;40;41;43;45,9,9,0,9,0.7377049180327869,0.8823529411764706,1.0,61,102,11,22;23;37;39;43,24;40;41;45,,5,4,0,72,72,273,147,5,3.0,117.52711845685545,21.335937297289227,20429096.42251395,0.8206896551724138,0.9310344827586207
9,2,1831092,2024-08-03,marl_force_bess,34570.06625337845,0.5862068965517241,0.5862068965517241,1.0,0.7528735632183907,0.7528735632183907,1.0,0.7528735632183908,0.7528735632183908,174,43,0,0,0,0,0,0,43,29,12,0,12,0.7413793103448276,0.7413793103448276,39.675453136707176,39.67544651031494,31.63903923385971,10.0,27.991600000000002,116.52790550860084,101,89,0.005943774352393418,2791,288,1.0,29,24;32;37;38;39;40;42;43;44;45;46;47,24;32;37;38;39;40;42;43;44;45;46;47,,24;32;37;38;39;40;42;43;44;45;46;47,12,12,0,12,0.5901639344262295,0.8235294117647058,1.0,61,102,11,37;39;42;43;46;47,24;32;38;40;44;45,,6,6,0,78,78,391,128,7,5.0,239.2726337424301,44.97898555633432,4.603167292219947,0.6640625,1.0
10,0,1832090,2024-08-03,marl_force_bess,34570.06625337845,0.7931034482758621,0.7931034482758621,0.7142857142857143,0.8333333333333333,0.8333333333333333,0.7380952380952381,0.8333333333333334,0.8333333333333334,174,29,0,0,0,0,0,0,29,29,6,0,6,0.8333333333333334,0.8333333333333334,57.413407029776735,57.41340008001218,53.687064274814965,14.636077806541309,27.991600000000002,54.03186917535954,112,146,0.005020490256962755,2324,288,1.0,29,34;35;41;44;45;46,34;35;41;44;45;46,34;35;44;45,34;35;41;44;45;46,6,6,4,6,1.0,0.8703703703703703,0.7380952380952381,36,54,84,,41;46,34;35;44;45,0,2,4,83,83,482,121,10,7.0,163.44629361742605,49.64968193392699,1.1048147284042482,0.7603305785123967,1.0
10,1,1832091,2024-08-03,marl_force_bess,34570.06625337845,0.896551724137931,0.896551724137931,0.7857142857142857,0.942528735632184,0.942528735632184,0.8809523809523808,0.9425287356321839,0.9425287356321839,174,10,0,0,0,0,0,0,10,29,3,0,3,0.9425287356321839,0.9425287356321839,43.33122454566517,43.3312221121514,35.702834571912156,56.46414777218912,27.991600000000002,110.61161933346898,68,94,0.004744741601219477,2113,287,1.0,29,33;34;35,33;34;35,33;34;35,33;34;35,3,3,3,3,1.0,1.0,0.8809523809523809,36,54,84,,,33;34;35,0,0,3,81,81,308,121,6,5.0,166.79745233447852,41.12225339226117,1.1274668756379198,0.9173553719008265,1.0
10,2,1832092,2024-08-03,marl_force_bess,34570.06625337845,0.9310344827586207,0.9310344827586207,0.8571428571428571,0.942528735632184,0.942528735632184,0.8809523809523808,0.9425287356321839,0.9425287356321839,174,10,0,0,0,0,0,0,10,29,2,0,2,0.9425287356321839,0.9425287356321839,37.58228321185057,37.5822825514037,28.244466915884782,16.119309245205365,27.991600000000002,135.39832671502438,56,64,0.004348433276997337,2057,287,1.0,29,33;35,33;35,33;35,33;35,2,2,2,2,1.0,1.0,0.8809523809523809,36,54,84,,,33;35,0,0,2,64,64,243,98,6,4.0,151.6232570096061,34.88043899082991,1.0248969481371928,0.8979591836734694,1.0
11,0,1833090,2024-08-03,marl_force_bess,34570.06625337845,0.5517241379310345,0.5517241379310345,1.0,0.660919540229885,0.660919540229885,1.0,0.6609195402298851,0.6609195402298851,174,59,0,0,0,0,0,0,59,29,13,0,13,0.6609195402298851,0.6609195402298851,51.472105223557044,51.472094970187925,47.574720988738264,10.0,27.991600000000002,56.51192273102008,107,122,0.004770973255896632,2194,288,1.0,29,29;31;32;34;35;40;41;42;43;44;45;46;47,29;31;32;34;35;40;41;42;43;44;45;46;47,,29;31;32;34;35;40;41;42;43;44;45;46;47,13,13,0,13,0.582089552238806,0.6770833333333334,1.0,67,96,11,29;32;42;43;46;47,31;34;35;40;41;44;45,,6,7,0,86,86,412,148,8,5.0,181.13456521217583,51.26979216408907,3.7331619787232135,0.6013513513513513,1.0
11,1,1833091,2024-08-03,marl_force_bess,34570.06625337845,0.41379310344827586,0.41379310344827586,1.0,0.5919540229885057,0.5919540229885057,1.0,0.5919540229885057,0.5919540229885057,174,71,0,0,0,0,0,0,71,29,17,0,17,0.5747126436781609,0.5747126436781609,54.86100447451931,54.860986436920605,47.77984802371348,10.0,27.991600000000002,102.67650699150332,120,101,0.005363989979135416,2471,288,1.0,29,28;30;31;33;34;35;37;38;39;40;41;42;43;44;45;46;47,28;30;31;33;34;35;37;38;39;40;41;42;43;44;45;46;47,,28;30;31;33;34;35;37;38;39;40;41;42;43;44;45;46;47,17,17,0,17,0.6417910447761194,0.5104166666666666,1.0,67,96,11,28;30;33;42;43;46;47,30;31;34;35;37;38;39;40;41;44;45,,7,11,0,78,78,539,120,9,7.0,212.19320371184045,53.80176472045357,2.8686386401255146,0.4083333333333333,1.0
11,2,1833092,2024-08-03,marl_force_bess,34570.06625337845,0.41379310344827586,0.41379310344827586,1.0,0.5574712643678161,0.5574712643678161,1.0,0.5574712643678161,0.5574712643678161,174,77,0,0,0,0,0,0,77,29,17,0,17,0.5459770114942529,0.5459770114942529,59.66461786593514,59.6646018453028,53.06470905563581,10.0,27.991600000000002,95.69844545017138,123,106,0.004944756144444302,2143,288,1.0,29,28;31;33;34;35;36;37;38;39;40;41;42;43;44;45;46;47,28;31;33;34;35;36;37;38;39;40;41;42;43;44;45;46;47,,28;31;33;34;35;36;37;38;39;40;41;42;43;44;45;46;47,17,17,0,17,0.6567164179104478,0.4375,1.0,67,96,11,28;33;42;43;46;47,31;34;35;36;37;38;39;40;41;44;45,,6,11,0,83,83,710,108,12,9.0,254.97659788509796,88.90822568619785,7.401352459747871,0.32407407407407407,0.9393939393939394
12,0,1834090,2024-08-03,marl_force_bess,34570.06625337845,0.5517241379310345,0.5517241379310345,1.0,0.7068965517241378,0.7068965517241378,1.0,0.7068965517241379,0.7068965517241379,174,51,0,0,0,0,0,0,51,29,13,0,13,0.6839080459770115,0.6839080459770115,54.250921611128184,54.2509131267153,50.44490003162708,10.0,27.991600000000002,55.18718987877927,106,127,0.005683127902254149,2485,288,1.0,29,32;33;34;35;36;37;39;40;41;42;43;45;47,32;33;34;35;36;37;39;40;41;42;43;45;47,,32;33;34;35;36;37;39;40;41;42;43;45;47,13,13,0,13,0.7317073170731707,0.6741573033707865,1.0,82,89,3,36;37;40;41;45;47,32;33;34;35;39;42;43,,6,7,0,82,82,619,113,12,9.0,290.38590107589147,70.60856745262787,339245.98220705497,0.5446428571428571,1.0
12,1,1834091,2024-08-03,marl_force_bess,34570.06625337845,0.7241379310344828,0.7241379310344828,1.0,0.8390804597701149,0.8390804597701149,1.0,0.8390804597701149,0.8390804597701149,174,28,0,0,1,0,0,1,27,29,8,1,7,0.8333333333333334,0.8333333333333334,40.01494903674071,40.014940618098464,35.890278272822805,10.4210919696117,27.991600000000002,59.80760400649705,83,116,0.004891291796714847,2133,287,1.0,29,36;37;38;39;40;41;43;44,36;37;38;39;40;41;43;44,,36;37;38;39;40;41;43;44,8,8,0,8,0.8414634146341463,0.8314606741573034,1.0,82,89,3,36;37;40;41;44,38;39;43;44,,5,4,0,69,69,408,130,10,6.0,319.11964373964855,43.62100570114371,3.8617197633798117,0.7846153846153846,1.0
12,2,1834092,2024-08-03,marl_force_bess,34570.06625337845,0.4482758620689655,0.4482758620689655,1.0,0.5632183908045978,0.5632183908045978,1.0,0.5632183908045977,0.5632183908045977,174,76,0,0,0,0,0,0,76,29,16,0,16,0.5574712643678161,0.5574712643678161,68.71886198548064,68.71884686919465,64.86780881633995,10.0,27.991600000000002,55.84005176639323,108,129,0.004497003530559595,2012,286,1.0,29,28;29;32;33;34;35;36;37;38;39;40;41;42;43;44;47,28;29;32;33;34;35;36;37;38;39;40;41;42;43;44;47,,28;29;32;33;34;35;36;37;38;39;40;41;42;43;44;47,16,16,0,16,0.6097560975609756,0.5056179775280899,1.0,82,89,3,28;29;36;37;40;41;44;47,32;33;34;35;38;39;42;43,,8,8,0,81,81,567,136,12,8.649999999999977,300.58151119912065,68.3409876878936,3.6373867453023774,0.4411764705882353,1.0
13,0,1835090,2024-08-03,marl_force_bess,34570.06625337845,0.8620689655172413,0.8620689655172413,1.0,0.925287356321839,0.925287356321839,1.0,0.9252873563218391,0.9252873563218391,174,13,0,0,0,0,0,0,13,29,4,0,4,0.9195402298850575,0.9195402298850575,47.578006793712746,47.57799339842522,43.238693170939435,10.0,27.991600000000002,62.91985329854393,102,121,0.004094613920945753,1864,285,1.0,29,23;30;31;32,23;30;31;32,,23;30;31;32,4,4,0,4,0.7857142857142857,0.9857142857142858,1.0,56,70,48,30;31;32,23,,3,1,0,78,78,407,137,8,5.0,141.62102600933105,39.999914580923914,1.6187110466027077,0.9051094890510949,1.0
13,1,1835091,2024-08-03,marl_force_bess,34570.06625337845,0.8620689655172413,0.8620689655172413,0.75,0.9195402298850573,0.9195402298850573,0.8541666666666666,0.9195402298850575,0.9195402298850575,174,14,0,0,0,0,0,0,14,29,4,0,4,0.9022988505747126,0.9022988505747126,44.47664225786582,44.476623414576736,38.63630313047566,10.0,27.991600000000002,84.68464411946559,94,109,0.0057069970207521675,2520,287,1.0,29,35;36;37;38,35;36;37;38,35;37,35;36;37;38,4,4,2,4,0.875,1.0,0.8541666666666666,56,70,48,36;38,,35;37,2,0,2,75,75,603,153,13,8.649999999999977,324.10741974465077,53.50855096337117,1.9549667404711584,0.9084967320261438,1.0
13,2,1835092,2024-08-03,marl_force_bess,34570.06625337845,0.7241379310344828,0.7241379310344828,0.625,0.8333333333333334,0.8333333333333334,0.6666666666666666,0.8333333333333334,0.8333333333333334,174,29,0,0,0,0,0,0,29,29,8,0,8,0.7701149425287356,0.7701149425287356,66.95585015724446,66.9558462987001,61.81836855692031,10.0,27.991600000000002,74.4934272558068,122,115,0.005724842498845342,2639,287,1.0,29,20;28;30;41;44;45;46;47,20;28;30;41;44;45;46;47,44;45;47,20;28;30;41;44;45;46;47,8,8,3,8,0.9285714285714286,0.8714285714285714,0.6666666666666666,56,70,48,20;28;30,41;46,44;45;47,3,2,3,82,82,531,113,9,7.0,161.05255824624885,64.22811998438387,2.5531476469767895,0.7699115044247787,0.9508196721311475
14,0,1836090,2024-08-03,marl_force_bess,34570.06625337845,0.7241379310344828,0.7241379310344828,0.8888888888888888,0.8620689655172413,0.8620689655172413,0.9444444444444444,0.8620689655172413,0.8620689655172413,174,24,0,0,0,0,0,0,24,29,8,0,8,0.8390804597701149,0.8390804597701149,41.27120361245912,41.27120455517166,35.092485536324595,43.428720974341964,27.991600000000002,89.59142577328235,74,82,0.004326801400263018,1977,288,1.0,29,20;21;33;35;36;37;39;40,20;21;33;35;36;37;39;40,35,20;21;33;35;36;37;39;40,8,8,1,8,0.8446601941747572,0.8387096774193549,0.925,103,31,40,20;21;33;36;39;40,36;37,35,6,2,1,84,84,375,161,8,6.0,228.2281404342859,36.16649762087525,9360098.951845098,0.8253968253968254,0.9583333333333334
14,1,1836091,2024-08-03,marl_force_bess,34570.06625337845,0.5862068965517241,0.5862068965517241,0.6666666666666666,0.7068965517241379,0.7068965517241379,0.7685185185185185,0.7068965517241379,0.7068965517241379,174,51,0,0,0,0,0,0,51,29,12,0,12,0.7068965517241379,0.7068965517241379,55.56523889919807,55.56522595334327,51.755653140947494,10.0,27.991600000000002,55.23880577973874,74,101,0.005773210741608639,2761,288,1.0,29,33;34;35;36;37;38;39;40;41;43;44;45,33;34;35;36;37;38;39;40;41;43;44;45,33;34;35,33;34;35;36;37;38;39;40;41;43;44;45,12,12,3,12,0.7378640776699029,0.6129032258064516,0.7,103,31,40,33;36;39;40;41;43;44;45,36;37;38,33;34;35,8,3,3,82,82,489,133,10,8.0,296.99067830875816,58.77487954663842,3.5717459153181768,0.6165413533834586,1.0
14,2,1836092,2024-08-03,marl_force_bess,34570.06625337845,0.6551724137931034,0.6551724137931034,0.6666666666666666,0.764367816091954,0.764367816091954,0.787037037037037,0.764367816091954,0.764367816091954,174,41,0,0,0,0,0,0,41,29,10,0,10,0.7528735632183908,0.7528735632183908,46.19569142522483,46.19567525934899,38.37459131340059,10.0,27.991600000000002,113.40571721625173,75,74,0.005532875238714042,2476,288,1.0,29,33;34;35;36;37;38;39;40;46;47,33;34;35;36;37;38;39;40;46;47,33;34;35,33;34;35;36;37;38;39;40;46;47,10,10,3,10,0.8737864077669902,0.45161290322580644,0.725,103,31,40,33;36;39;40;46;47,36;37;38;39,33;34;35,6,4,3,82,82,509,101,10,9.0,220.03925335857102,68.0924585952436,4031742.821382175,0.5858585858585859,1.0
15,0,1837090,2024-08-03,marl_force_bess,34570.06625337845,0.4827586206896552,0.4827586206896552,0.5,0.6264367816091955,0.6264367816091955,0.5,0.6264367816091954,0.6264367816091954,174,65,0,0,0,0,0,0,65,29,15,0,15,0.603448275862069,0.603448275862069,60.2959489397619,60.295933171250354,55.111856373996936,10.0,27.991600000000002,75.16911356017447,95,103,0.005500434712303105,2453,286,1.0,29,31;32;33;34;35;36;37;38;40;41;42;43;44;45;47,31;32;33;34;35;36;37;38;40;41;42;43;44;45;47,33,31;32;33;34;35;36;37;38;40;41;42;43;44;45;47,15,15,1,15,0.75,0.6081081081081081,0.5,24,148,2,31;36;37;47,31;32;33;34;35;36;37;38;40;41;42;43;44;45;47,33,4,15,1,86,86,544,136,11,8.649999999999977,275.7446368190708,60.370634525754625,39421.41699497735,0.5185185185185185,1.0
15,1,1837091,2024-08-03,marl_force_bess,34570.06625337845,0.6551724137931034,0.6551724137931034,1.0,0.8045977011494252,0.8045977011494252,1.0,0.8045977011494253,0.8045977011494253,174,34,0,0,0,0,0,0,34,29,10,0,10,0.7988505747126436,0.7988505747126436,37.292806133456615,37.292802022791456,32.590041822446935,10.0,27.991600000000002,68.19002290499562,88,113,0.004585535914278205,2020,281,1.0,29,35;37;38;39;40;41;42;43;45;46,35;37;38;39;40;41;42;43;45;46,,35;37;38;39;40;41;42;43;45;46,10,10,0,10,0.9166666666666666,0.7837837837837838,1.0,24,148,2,37,35;37;38;39;40;41;42;43;45;46,,1,10,0,71,71,425,134,7,6.0,143.64349006685902,46.55771483224868,2.456777033166889,0.746268656716418,1.0
15,2,1837092,2024-08-03,marl_force_bess,34570.06625337845,0.5517241379310345,0.5517241379310345,1.0,0.6896551724137931,0.6896551724137931,1.0,0.6896551724137931,0.6896551724137931,174,54,0,0,0,0,0,0,54,29,13,0,13,0.6896551724137931,0.6896551724137931,45.067468951488365,45.067446863514256,41.36150121857448,10.0,27.991600000000002,53.73621185162674,89,123,0.0044309986972924245,2077,273,1.0,29,32;33;34;37;38;39;40;41;42;43;44;46;47,32;33;34;37;38;39;40;41;42;43;44;46;47,,32;33;34;37;38;39;40;41;42;43;44;46;47,13,13,0,13,0.8333333333333334,0.6621621621621622,1.0,24,148,2,37;46,32;33;34;37;38;39;40;41;42;43;44;47,,2,12,0,72,72,419,126,8,7.0,145.84824015558746,34.398351176756115,1.9301174504045946,0.5714285714285714,1.0
16,0,1838090,2024-08-03,marl_force_bess,34570.06625337845,0.5172413793103449,0.5172413793103449,0.6666666666666666,0.6551724137931034,0.6551724137931034,0.75,0.6551724137931034,0.6551724137931034,174,60,3,2,6,3,2,6,54,29,14,2,12,0.6379310344827587,0.6379310344827587,67.42563233704402,67.42563922651883,61.732220856315934,10.0,27.991600000000002,82.55456636794207,103,121,0.0051793767864486044,2384,286,1.0,29,28;33;34;35;36;37;38;39;42;43;44;45;46;47,28;33;34;35;36;37;38;39;42;43;44;45;46;47,34,28;33;34;35;36;37;38;39;42;43;44;45;46;47,14,14,1,14,0.5588235294117647,0.7127659574468085,0.75,68,94,12,28;33;34;35;36;38;39;42;43,36;37;44;45;46;47,34,9,6,1,88,88,487,117,12,8.0,570.2989758385556,70.66365322295776,4258362.595312442,0.5,0.9655172413793104
16,1,1838091,2024-08-03,marl_force_bess,34570.06625337845,0.5862068965517241,0.5862068965517241,0.6666666666666666,0.7068965517241379,0.7068965517241379,0.75,0.7068965517241379,0.7068965517241379,174,51,5,5,6,5,5,6,45,29,12,2,10,0.6896551724137931,0.6896551724137931,71.1892772844468,71.18927326147583,63.37959187751446,10.0,27.991600000000002,113.24038006744004,84,73,0.004798302660977549,2242,283,1.0,29,28;33;34;35;36;37;38;39;40;41;46;47,28;33;34;35;36;37;38;39;40;41;46;47,34,28;33;34;35;36;37;38;39;40;41;46;47,12,12,1,12,0.6764705882352942,0.723404255319149,0.75,68,94,12,28;33;34;35;36;38;39,36;37;40;41;46;47,34,7,6,1,83,83,657,109,19,12.0,781.7932113346517,84.88414988749697,10.569057704920507,0.5596330275229358,0.9538461538461539
16,2,1838092,2024-08-03,marl_force_bess,34570.06625337845,0.4827586206896552,0.4827586206896552,1.0,0.6781609195402298,0.6781609195402298,1.0,0.6781609195402298,0.6781609195402298,174,56,5,3,5,5,3,5,51,29,15,1,14,0.6666666666666666,0.6666666666666666,65.43958204368064,65.43956321683423,56.82263945371672,10.0,27.991600000000002,124.94539456520396,103,86,0.005690585592674327,2662,288,1.0,29,29;30;31;32;33;34;35;36;37;38;39;40;41;46;47,29;30;31;32;33;34;35;36;37;38;39;40;41;46;47,,29;30;31;32;33;34;35;36;37;38;39;40;41;46;47,15,15,0,15,0.5882352941176471,0.7021276595744681,1.0,68,94,12,29;30;31;32;33;34;35;38;39,36;37;39;40;41;46;47,,9,7,0,88,88,562,133,9,7.0,336.9288938166991,61.32559138442413,11103816.80550217,0.48148148148148145,1.0
17,0,1839090,2024-08-03,marl_force_bess,34570.06625337845,0.5172413793103449,0.5172413793103449,0.5,0.6436781609195402,0.6436781609195402,0.75,0.6436781609195402,0.6436781609195402,174,62,0,0,0,0,0,0,62,29,14,0,14,0.632183908045977,0.632183908045977,60.639147895506056,60.6391322585358,57.17696259894658,10.0,27.991600000000002,50.20146006404367,115,137,0.0046169837066069395,2128,288,1.0,29,19;20;26;27;32;33;34;35;36;39;40;45;46;47,19;20;26;27;32;33;34;35;36;39;40;45;46;47,33,19;20;26;27;32;33;34;35;36;39;40;45;46;47,14,14,1,14,0.6352941176470588,0.6363636363636364,0.75,85,77,12,20;26;27;32;39;40;45;46;47,19;34;35;36;39,33,9,5,1,89,89,728,140,12,9.0,177.5319310009469,61.349745691959676,2710157.9086362096,0.6159420289855072,0.75
17,1,1839091,2024-08-03,marl_force_bess,34570.06625337845,0.4482758620689655,0.4482758620689655,0.5,0.5977011494252873,0.5977011494252873,0.5,0.5977011494252874,0.5977011494252874,174,70,0,0,0,0,0,0,70,29,16,0,16,0.5287356321839081,0.5287356321839081,78.60231593285484,78.60229472182263,72.09125159937189,10.0,27.991600000000002,94.4101252755359,129,119,0.005007819148886483,2202,283,1.0,29,26;27;32;33;34;35;36;37;38;39;42;43;44;45;46;47,26;27;32;33;34;35;36;37;38;39;42;43;44;45;46;47,33,26;27;32;33;34;35;36;37;38;39;42;43;44;45;46;47,16,16,1,16,0.5882352941176471,0.6233766233766234,0.5,85,77,12,26;27;32;38;39;44;45;46;47,34;35;36;37;42;43,33,9,6,1,72,72,880,126,15,13.0,357.68682123853114,86.80306154814282,3.165029358958593,0.47619047619047616,0.9166666666666666
17,2,1839092,2024-08-03,marl_force_bess,34570.06625337845,0.5862068965517241,0.5862068965517241,1.0,0.7126436781609196,0.7126436781609196,1.0,0.7126436781609196,0.7126436781609196,174,50,0,0,0,0,0,0,50,29,12,0,12,0.7011494252873564,0.7011494252873564,52.917247051480174,52.91723930150613,46.9796511260371,10.0,27.991600000000002,86.09502854430104,106,110,0.0051653533846547405,2416,288,1.0,29,26;27;34;35;36;37;38;39;40;41;46;47,26;27;34;35;36;37;38;39;40;41;46;47,,26;27;34;35;36;37;38;39;40;41;46;47,12,12,0,12,0.6941176470588235,0.6883116883116883,1.0,85,77,12,26;27;38;39;40;41;46;47,34;35;36;37;39,,8,5,0,67,67,409,124,6,5.0,193.3369773030281,53.58883585787554,3.0615579001352455,0.6532258064516129,0.86
18,0,1840090,2024-08-03,marl_force_bess,34570.06625337845,0.6896551724137931,0.6896551724137931,0.7142857142857143,0.7816091954022989,0.7816091954022989,0.8095238095238095,0.7816091954022989,0.7816091954022989,174,38,0,0,0,0,0,0,38,29,9,0,9,0.7241379310344828,0.7241379310344828,47.29353220709439,47.293534098000364,37.60422544015091,10.0,27.991600000000002,140.4949755388169,92,82,0.005788062503900924,2670,287,1.0,29,35;36;37;38;40;41;45;46;47,35;36;37;38;40;41;45;46;47,35;37,35;36;37;38;40;41;45;46;47,9,9,2,9,0.88,0.7241379310344828,0.7837837837837838,50,87,37,36;45,36;38;40;41;46;47,35;37,2,6,2,75,75,364,92,11,7.0,362.39437990277816,70.87635418033123,3.786572590012467,0.6630434782608695,0.9146341463414634
18,1,1840091,2024-08-03,marl_force_bess,34570.06625337845,0.8275862068965517,0.8275862068965517,0.8571428571428571,0.896551724137931,0.896551724137931,0.9285714285714286,0.896551724137931,0.896551724137931,174,18,0,0,0,0,0,0,18,29,5,0,5,0.8563218390804598,0.8563218390804598,42.28065002375636,42.28064205454684,35.13062819905428,10.0,27.991600000000002,103.6752009046421,94,103,0.005357241779468801,2471,288,1.0,29,35;36;40;41;46,35;36;40;41;46,35,35;36;40;41;46,5,5,1,5,1.0,0.8275862068965517,0.918918918918919,50,87,37,,36;40;41;46,35,0,4,1,78,78,354,148,7,5.0,200.75239627894504,31.346732944396333,2.1397938730463517,0.8918918918918919,0.9230769230769231
18,2,1840092,2024-08-03,marl_force_bess,34570.06625337845,0.8275862068965517,0.8275862068965517,1.0,0.8850574712643678,0.8850574712643678,1.0,0.8850574712643678,0.8850574712643678,174,20,0,0,0,0,0,0,20,29,5,0,5,0.8850574712643678,0.8850574712643678,30.099234887923316,30.09923800654795,24.243134982672096,18.717954313517623,27.991600000000002,84.91349384619986,70,99,0.005623138686739065,2640,288,1.0,29,40;41;45;46;47,40;41;45;46;47,,40;41;45;46;47,5,5,0,5,0.9,0.8275862068965517,1.0,50,87,37,45,40;41;46;47,,1,4,0,73,73,290,134,6,4.0,153.33409839321408,31.441882873553137,4.135595444544844,0.8507462686567164,1.0
19,0,1841090,2024-08-03,marl_force_bess,34570.06625337845,0.7931034482758621,0.7931034482758621,0.8333333333333334,0.8505747126436782,0.8505747126436782,0.875,0.8505747126436781,0.8505747126436781,174,26,0,0,2,0,0,2,24,29,6,1,5,0.8390804597701149,0.8390804597701149,42.917916813115966,42.91791744067751,34.49834430021358,10.0,27.991600000000002,122.08381053672699,70,76,0.00526998698417932,2396,286,1.0,29,42;43;44;45;46;47,42;43;44;45;46;47,45;47,42;43;44;45;46;47,6,6,2,6,0.7924528301886793,0.88,0.8732394366197183,53,50,71,42;43;44,46,45;47,3,1,2,81,81,259,98,6,5.0,184.73248058597446,51.91359196894564,8624411.564488187,0.7319587628865979,1.0
19,1,1841091,2024-08-03,marl_force_bess,34570.06625337845,0.7586206896551724,0.7586206896551724,1.0,0.82183908045977,0.82183908045977,1.0,0.8218390804597702,0.8218390804597702,174,31,3,0,11,3,0,11,20,29,7,3,4,0.8218390804597702,0.8218390804597702,48.7406003338167,48.74059668902693,47.23292573879724,10.0,27.991600000000002,21.861228778330485,83,159,0.005494770531186082,2512,286,1.0,29,19;20;40;41;42;43;44,19;20;40;41;42;43;44,,19;20;40;41;42;43;44,7,7,0,7,0.6226415094339622,0.78,1.0,53,50,71,40;41;42;43;44,19;20,,5,2,0,74,74,233,80,7,5.0,300.8161383580732,61.68605647389624,5.15655347539754,0.75,0.8829787234042553
19,2,1841092,2024-08-03,marl_force_bess,34570.06625337845,0.7241379310344828,0.7241379310344828,0.6666666666666666,0.8103448275862071,0.8103448275862071,0.7361111111111112,0.8103448275862069,0.8103448275862069,174,33,0,0,2,0,0,2,31,29,8,2,6,0.7931034482758621,0.7931034482758621,47.43080799332981,47.43079802085613,42.15037118025041,10.0,27.991600000000002,76.56618918878303,85,108,0.004925185560447666,2274,288,1.0,29,20;32;33;43;44;45;46;47,20;32;33;43;44;45;46;47,33;44;45;47,20;32;33;43;44;45;46;47,8,8,4,8,0.8679245283018868,0.84,0.7464788732394366,53,50,71,32;43;44,20;46,33;44;45;47,3,2,4,74,74,386,104,10,7.649999999999977,301.09471300892284,58.129879397126565,6.842024767417701,0.7019230769230769,0.9714285714285714
20,0,1842090,2024-08-03,marl_force_bess,34570.06625337845,0.4827586206896552,0.4827586206896552,1.0,0.574712643678161,0.574712643678161,1.0,0.5747126436781609,0.5747126436781609,174,74,11,10,21,11,10,21,53,29,15,5,10,0.5747126436781609,0.5747126436781609,84.08130100677754,84.08129077944263,79.76268784889439,10.0,27.991600000000002,62.61974249294946,106,119,0.004559888372265657,2096,288,1.0,29,32;33;34;36;37;38;39;40;41;42;43;44;45;46;47,32;33;34;36;37;38;39;40;41;42;43;44;45;46;47,,32;33;34;36;37;38;39;40;41;42;43;44;45;46;47,15,15,0,15,0.3333333333333333,0.6833333333333333,1.0,54,120,0,36;37;38;39;40;41,32;33;34;42;43;44;45;46;47,,6,9,0,71,71,547,119,12,10.0,451.72372686389645,79.66043988255863,5.466383777493415,0.37815126050420167,1.0
20,1,1842091,2024-08-03,marl_force_bess,34570.06625337845,0.5172413793103449,0.5172413793103449,1.0,0.6724137931034482,0.6724137931034482,1.0,0.6724137931034483,0.6724137931034483,174,57,0,0,7,0,0,7,50,29,14,2,12,0.6551724137931034,0.6551724137931034,64.05746811559831,64.05745969147517,58.059386963797124,10.0,27.991600000000002,86.97205455133168,91,106,0.004791419653580914,2251,284,1.0,29,32;33;34;35;36;37;38;39;40;43;44;45;46;47,32;33;34;35;36;37;38;39;40;43;44;45;46;47,,32;33;34;35;36;37;38;39;40;43;44;45;46;47,14,14,0,14,0.5555555555555556,0.725,1.0,54,120,0,36;37;38;39;40,32;33;34;35;43;44;45;46;47,,5,9,0,71,71,387,110,11,5.0,551.8617985731101,87.41386500230215,6.6781712000868865,0.4818181818181818,1.0
20,2,1842092,2024-08-03,marl_force_bess,34570.06625337845,0.4482758620689655,0.4482758620689655,1.0,0.586206896551724,0.586206896551724,1.0,0.5862068965517241,0.5862068965517241,174,72,0,0,14,0,0,14,58,29,16,4,12,0.5862068965517241,0.5862068965517241,83.91696173295207,83.91693671818437,79.39007196418999,10.0,27.991600000000002,65.63953893291855,111,126,0.006126106544494784,2838,288,1.0,29,19;20;21;34;36;37;38;39;40;41;42;43;44;45;46;47,19;20;21;34;36;37;38;39;40;41;42;43;44;45;46;47,,19;20;21;34;36;37;38;39;40;41;42;43;44;45;46;47,16,16,0,16,0.3888888888888889,0.675,1.0,54,120,0,36;37;38;39;40;41,19;20;21;34;42;43;44;45;46;47,,6,10,0,92,92,785,124,17,12.0,494.7680738748254,124.24359018333202,6.5994737275901905,0.532258064516129,0.72
21,0,1843090,2024-08-03,marl_force_bess,34570.06625337845,0.7931034482758621,0.7931034482758621,1.0,0.8908045977011494,0.8908045977011494,1.0,0.8908045977011494,0.8908045977011494,174,19,0,0,0,0,0,0,19,29,6,0,6,0.8160919540229885,0.8160919540229885,33.68936996350343,33.68937332876797,24.19664675079457,62.97323203279578,27.991600000000002,137.64453538061434,71,69,0.004884496437928951,2255,281,1.0,29,29;32;33;34;35;43,29;32;33;34;35;43,,29;32;33;34;35;43,6,6,0,6,0.8736842105263158,0.9113924050632911,1.0,95,79,0,29;34;35;43,32;33,,4,2,0,69,69,233,84,8,6.0,227.89981901559656,43.79232349191367,3.3440911799401083,0.8214285714285714,0.9555555555555556
21,1,1843091,2024-08-03,marl_force_bess,34570.06625337845,0.7931034482758621,0.7931034482758621,1.0,0.8735632183908045,0.8735632183908045,1.0,0.8735632183908046,0.8735632183908046,174,22,0,0,0,0,0,0,22,29,6,0,6,0.8735632183908046,0.8735632183908046,29.24617257063416,29.24616792832298,24.075425085646046,10.0,27.991600000000002,74.97577121881551,51,113,0.004537752671846345,2117,286,1.0,29,21;22;34;35;36;43,21;22;34;35;36;43,,21;22;34;35;36;43,6,6,0,6,0.8421052631578947,0.9113924050632911,1.0,95,79,0,21;34;35;43,22;36,,4,2,0,73,73,183,95,5,3.0,183.2421872871703,24.828878743805912,676076.6921870427,0.8085106382978723,0.95
21,2,1843092,2024-08-03,marl_force_bess,34570.06625337845,0.6551724137931034,0.6551724137931034,1.0,0.8160919540229884,0.8160919540229884,1.0,0.8160919540229885,0.8160919540229885,174,32,0,0,0,0,0,0,32,29,10,0,10,0.7816091954022989,0.7816091954022989,33.778577697688135,33.77857197564224,24.82441905681059,10.0,27.991600000000002,129.8352173230589,85,80,0.005036963157181162,2312,288,1.0,29,19;20;22;23;34;35;39;41;46;47,19;20;22;23;34;35;39;41;46;47,,19;20;22;23;34;35;39;41;46;47,10,10,0,10,0.7684210526315789,0.8734177215189873,1.0,95,79,0,20;34;35;41;46;47,19;22;23;39,,6,4,0,67,67,200,117,5,3.0,106.84925426989794,16.69217423673814,2.0975589497656175,0.8034188034188035,0.8421052631578947
22,0,1844090,2024-08-03,marl_force_bess,34570.06625337845,0.3448275862068966,0.3448275862068966,1.0,0.5632183908045978,0.5632183908045978,1.0,0.5632183908045977,0.5632183908045977,174,76,0,0,2,0,0,2,74,29,19,1,18,0.5172413793103449,0.5172413793103449,69.55148867492018,69.55146872449195,63.12294645903618,10.0,27.991600000000002,93.21357284910871,113,108,0.004739061053745295,2040,286,1.0,29,24;25;28;29;31;32;33;34;35;36;37;38;39;40;41;42;43;44;46,24;25;28;29;31;32;33;34;35;36;37;38;39;40;41;42;43;44;46,,24;25;28;29;31;32;33;34;35;36;37;38;39;40;41;42;43;44;46,19,19,0,19,0.6951219512195121,0.44565217391304346,1.0,82,92,0,28;29;31;34;35;36;38;42;43,24;25;32;33;36;37;39;40;41;44;46,,9,11,0,82,82,637,154,10,8.0,342.66348044877844,50.84704481887091,4.632465523778738,0.512987012987013,0.95
22,1,1844091,2024-08-03,marl_force_bess,34570.06625337845,0.5172413793103449,0.5172413793103449,1.0,0.6091954022988505,0.6091954022988505,1.0,0.6091954022988506,0.6091954022988506,174,68,2,2,7,2,2,7,61,29,14,2,12,0.6091954022988506,0.6091954022988506,69.19765939520694,69.19765266467785,63.21551197413387,40.20002069291151,27.991600000000002,86.74104001288774,89,84,0.006004963562493992,2709,288,1.0,29,29;30;32;33;34;35;36;37;38;39;40;41;42;45,29;30;32;33;34;35;36;37;38;39;40;41;42;45,,29;30;32;33;34;35;36;37;38;39;40;41;42;45,14,14,0,14,0.7195121951219512,0.5108695652173914,1.0,82,92,0,29;30;32;34;35;36;38;42,32;33;36;37;38;39;40;41;45,,8,9,0,76,76,596,116,13,10.0,579.0972716649704,75.33675491582287,7.828812520052921,0.41379310344827586,1.0
22,2,1844092,2024-08-03,marl_force_bess,34570.06625337845,0.6896551724137931,0.6896551724137931,1.0,0.7758620689655172,0.7758620689655172,1.0,0.7758620689655172,0.7758620689655172,174,39,2,2,12,2,2,12,27,29,9,3,6,0.7298850574712644,0.7298850574712644,65.17228757238937,65.17228519916534,55.88151664393982,59.24174679367253,27.991600000000002,134.71614405077008,71,65,0.0055946432463921765,2568,288,1.0,29,31;32;33;34;35;36;37;38;39,31;32;33;34;35;36;37;38;39,,31;32;33;34;35;36;37;38;39,9,9,0,9,0.7560975609756098,0.7934782608695652,1.0,82,92,0,31;34;35;36;38,32;33;36;37;39,,5,5,0,82,82,526,109,15,10.0,466.11434252462425,84.36945345355944,1173419.4542337833,0.6388888888888888,1.0
23,0,1845090,2024-08-03,marl_force_bess,34570.06625337845,0.6896551724137931,0.6896551724137931,1.0,0.8045977011494252,0.8045977011494252,1.0,0.8045977011494253,0.8045977011494253,174,34,1,1,1,1,1,1,33,29,9,1,8,0.7758620689655172,0.7758620689655172,46.43821122728545,46.43819407210953,38.22211454883001,10.0,27.991600000000002,119.13315308755303,77,92,0.0052069147034975085,2359,284,1.0,29,26;27;28;29;30;32;33;34;47,26;27;28;29;30;32;33;34;47,,26;27;28;29;30;32;33;34;47,9,9,0,9,0.7252747252747253,0.891566265060241,1.0,91,83,0,26;27;28;29;32;47,29;30;32;33;34,,6,5,0,74,74,443,137,7,6.0,236.14820242706352,40.94591697951087,3.280291838234795,0.7518248175182481,1.0
23,1,1845091,2024-08-03,marl_force_bess,34570.06625337845,0.7241379310344828,0.7241379310344828,1.0,0.8620689655172412,0.8620689655172412,1.0,0.8620689655172413,0.8620689655172413,174,24,0,0,0,0,0,0,24,29,8,0,8,0.7988505747126436,0.7988505747126436,39.27162340865738,39.2716233154823,27.80231891074058,17.83337547261437,27.991600000000002,166.30491386875494,88,68,0.005121472015161996,2342,288,1.0,29,27;28;30;31;34;35;36;47,27;28;30;31;34;35;36;47,,27;28;30;31;34;35;36;47,8,8,0,8,0.9010989010989011,0.8192771084337349,1.0,91,83,0,27;28;47,30;31;34;35;36,,3,5,0,68,68,250,118,5,4.0,215.5060884546021,27.12446741632975,6.255619265078182,0.8305084745762712,0.9285714285714286
23,2,1845092,2024-08-03,marl_force_bess,34570.06625337845,0.8275862068965517,0.8275862068965517,1.0,0.9425287356321839,0.9425287356321839,1.0,0.9425287356321839,0.9425287356321839,174,10,0,0,1,0,0,1,9,29,5,1,4,0.8735632183908046,0.8735632183908046,30.407148295435412,30.40715729505166,20.03335967730273,24.500593503304447,27.991600000000002,150.4200654573594,77,76,0.004594060258871954,1990,287,1.0,29,28;34;39;42;47,28;34;39;42;47,,28;34;39;42;47,5,5,0,5,0.9120879120879121,0.9759036144578314,1.0,91,83,0,28;42;47,34;39,,3,2,0,70,70,237,113,7,3.0,228.7057658606109,30.233157195213124,6.638773898276586,0.9469026548672567,0.9344262295081968
